287951,287835
287950,287834
287949,287833
287948,287814
287947,287813
287946,287812
287958,287830
287959,287831
287956,287828
287957,287829
287954,287826
287955,287827
287952,287824
287953,287825
287966,287883
287967,287881
287964,287881
287965,287882
287962,287834
287963,287835
287960,287832
287961,287833
287973,287845
287972,287844
287975,287847
287974,287846
287969,287883
287968,287882
287971,287843
287970,287842
287981,287886
287980,287885
287983,287855
287982,287854
287977,287849
287976,287848
287979,287884
287978,287850
287988,287860
287989,287861
287990,287862
287991,287878
287984,287856
287985,287857
287986,287858
287987,287859
287996,287868
287997,287869
287998,287870
287999,287871
287992,287879
287993,287880
287994,287866
287995,287867
287875,287881
287879,287891
287878,287890
287877,287883
287876,287882
287883,287895
287882,287894
287881,287893
287880,287892
287887,287905
287886,287901
287885,287900
287884,287899
287888,287906
287889,287907
287894,287909
287895,287910
287893,287908
287902,287911
287903,287912
287905,287914
287904,287913
287907,287916
287906,287915
287911,287917
287913,287919
287912,287918
287917,287923
287919,287925
287918,287924
287926,287929
287927,287930
287928,287931
287929,287960
287930,287961
287931,287962
287932,287945
287933,287946
287934,287947
287822,287834
287823,287835
287820,287814
287821,287833
287818,287812
287819,287813
287816,287834
287817,287835
287814,287832
287815,287833
287812,287830
287813,287831
287810,287828
287811,287829
287809,287827
287839,287857
287835,287859
287834,287858
287833,287857
287832,287886
287831,287885
287830,287884
287829,287847
287828,287846
287827,287845
287826,287844
287825,287843
287824,287842
287852,287879
287853,287880
287854,287866
287855,287867
287851,287878
287844,287862
287845,287878
287846,287879
287847,287880
287840,287858
287841,287859
287842,287860
287843,287861
287869,287878
287871,287880
287870,287879
287865,287874
287864,287873
287861,287870
287860,287869
287863,287872
287862,287871
287857,287866
287856,287868
287859,287868
287858,287867
287754,287858
287755,287859
287752,287856
287753,287857
287758,287862
287759,287863
287756,287860
287757,287861
287746,287850
287747,287851
287744,287848
287745,287849
287750,287854
287751,287855
287748,287852
287749,287853
287771,287875
287770,287874
287769,287873
287768,287872
287775,287879
287774,287878
287773,287877
287772,287876
287763,287867
287762,287866
287761,287865
287760,287864
287767,287871
287766,287870
287765,287869
287764,287868
287784,287888
287785,287889
287786,287968
287787,287969
287788,287970
287789,287965
287790,287966
287791,287967
287776,287880
287777,287881
287778,287882
287779,287883
287780,287884
287781,287885
287782,287886
287783,287887
287801,287834
287800,287833
287802,287835
288212,287875
288213,287876
288214,287877
288215,287878
288208,287871
288209,287872
288210,287873
288211,287874
288220,287883
288221,287884
288222,287885
288223,287886
288216,287879
288217,287880
288218,287881
288219,287882
288197,287860
288196,287859
288199,287862
288198,287861
288193,287856
288192,287855
288195,287858
288194,287857
288205,287868
288204,287867
288207,287870
288206,287869
288201,287879
288200,287878
288203,287866
288202,287880
288226,287889
288225,287888
288224,287887
287738,287842
287739,287843
287736,287840
287737,287841
287742,287846
287743,287847
287740,287844
287741,287845
287730,287834
287731,287835
287728,287832
287729,287833
288155,287812
287734,287838
288156,287813
287735,287839
288157,287814
287732,287836
288158,287833
287733,287837
288159,287834
287723,287827
287722,287826
287721,287825
287720,287824
287727,287831
287726,287830
287725,287829
287724,287828
287715,287813
287714,287812
287719,287823
287718,287822
287717,287821
287716,287814
288178,287883
288179,287842
288176,287881
288177,287882
288182,287845
288183,287846
288180,287843
288181,287844
288186,287849
288187,287850
288184,287847
288185,287848
288190,287886
288191,287854
288188,287884
288189,287885
288163,287826
288162,287825
288161,287824
288160,287835
288167,287830
288166,287829
288165,287828
288164,287827
288171,287834
288170,287833
288169,287832
288168,287831
288175,287883
288174,287882
288173,287881
288172,287835
288093,287801
288092,287800
288095,287803
288094,287802
288089,287797
288088,287796
288091,287799
288090,287798
288085,287793
288084,287792
288087,287795
288086,287794
288081,287789
288080,287788
288083,287791
288082,287790
288076,287784
288077,287785
288078,287786
288079,287787
288072,287780
288073,287781
288074,287782
288075,287783
288068,287776
288069,287777
288070,287778
288071,287779
288064,287772
288065,287773
288066,287774
288067,287775
288108,287819
288109,287820
288106,287817
288107,287818
288104,287815
288105,287816
288102,287810
288103,287811
288100,287808
288101,287809
288098,287806
288099,287807
288096,287804
288097,287805
288025,287733
288024,287732
288027,287735
288026,287734
288029,287737
288028,287736
288031,287739
288030,287738
288017,287889
288016,287888
288021,287729
288020,287728
288023,287731
288022,287730
288008,287880
288009,287881
288010,287882
288011,287883
288012,287884
288013,287885
288014,287886
288015,287887
288000,287872
288001,287873
288002,287874
288003,287875
288004,287876
288005,287877
288006,287878
288007,287879
288059,287767
288058,287766
288057,287765
288056,287764
288063,287771
288062,287770
288061,287769
288060,287768
288051,287759
288050,287758
288049,287757
288048,287756
288055,287763
288054,287762
288053,287761
288052,287760
288042,287750
288043,287751
288040,287748
288041,287749
288046,287754
288047,287755
288044,287752
288045,287753
288034,287742
288035,287743
288032,287740
288033,287741
288038,287746
288039,287747
288036,287744
288037,287745
